28,37
43,34,27,49
41,34,27,43,49
10,42
10,13,21
33,36,39,41,44,17,54,25
0,9,2,45
26,51,4
32,35,19,12,31
8,18,23
1,7,12,46,16,20,53
33,22,15,17,54,25
1,7,10,46,16,20,53
33,44,36,41,39
1,7,46,16,20,53
17,36,54,22,25
3,5,6,40,11,47,50,24,38,30
3,5,6,40,11,12,47,50,24,26,38,30
52,29
0,9,2,45,23
32,35,19,31
3,4,5,6,11,47,50,51,24,26,38
3,5,6,40,11,47,50,51,24,26,38,30
0,2,9,45,18,23
3,4,6,38,11,50,51,26
22,15
8,2,18,23
36,54,41,44,17,22,25
34,41,43,44,49,27
33,36,22,39
14
36,39,41,43,44,25
1,35,12,5
34,36,39,41,43,44,25
2,8,9,45,18,23
48
53,10,42,13,21
3,5,6,40,11,47,50,24,26,38,30
